Имя:213
Фамилия:213
Возраст:1
Должность:2
Специальность:12
Список научных работ:
   3
   12
   3
   12
   3
   21
   3
   4
   53
   5
   4
   6
   546
   45
   6
   45
   6
   45
   645
   6
   45
   6
   45
   6
   45
   6
   45
   6
   45
   6
   45
   6
   45
   6
   45
   6
   3
   24
   23
   4
   54
   34
num_max_of_works:50
count_works:42
Имя:1221321312
Фамилия:21312
Возраст:12
Должность:21312312312
Специальность:3423423
Список научных работ:
   23423
   4
   23
   4
   23
   4
   23
   4
   23
   4
   234
   23
   4
   23
   4
   32
   4
   32
   4
   23
   4
   23
   4
   23
   4
   32
   4
   23
   4
   23
   4
   2
   34
   23
   4
   3
   24
   23
   4
   32
   42
   4
   23
num_max_of_works:50
count_works:43
